0.15761975944042206
0.04720839485526085
0.04711763933300972
0.04677356407046318
0.04676257073879242
0.046756912022829056
0.04675189405679703
0.04675125703215599
0.046674858778715134
0.046660806983709335
0.04665849357843399
0.046652186661958694
0.046599131077528
0.046593695878982544
0.04658074304461479
0.04657410457730293
0.046566665172576904
0.046559784561395645
0.046316634863615036
0.046239037066698074
0.0462251752614975
0.046217359602451324
0.04621598869562149
0.04621550440788269
0.046215180307626724
0.04621510207653046
0.046214859932661057
0.046214617788791656
0.04621453583240509
0.046214375644922256
0.046212684363126755
0.046212200075387955
0.04621211811900139
0.04607592523097992
0.046063147485256195
0.046062905341386795
0.046060558408498764
0.04606015607714653
0.046059347689151764
0.046055544167757034
0.046055302023887634
0.04605522006750107
0.045983824878931046
0.04578002914786339
### epochs: 103900
