0.14978699386119843
0.017198489978909492
0.014916323125362396
0.014759911224246025
0.014530469663441181
0.014296825975179672
0.014267873018980026
0.014259516261518002
0.014080746099352837
0.014050552621483803
0.014047371223568916
0.013970519416034222
0.013952641747891903
0.013943026773631573
0.013933672569692135
0.013886000961065292
0.013851888477802277
0.013774216175079346
0.013773675076663494
0.013729247264564037
0.013703717850148678
0.01368630863726139
0.013669149950146675
0.013667787425220013
0.013664515689015388
0.013652515597641468
0.013629302382469177
0.01362902857363224
0.013597285374999046
0.013559424318373203
0.01355777494609356
0.013554203324019909
0.0135533781722188
0.013553103432059288
0.01353137195110321
0.013530820608139038
0.01353027019649744
0.013529995456337929
0.013509880751371384
0.01349608600139618
0.013495810329914093
0.01348504051566124
0.013483659364283085
0.013482830487191677
0.013482553884387016
### epochs: 103900
