0.13151398301124573
0.026191549375653267
0.025843758136034012
0.02551722154021263
0.025466950610280037
0.02546607330441475
0.02546548843383789
0.025464611127972603
0.025464463979005814
0.0254618301987648
0.02546168491244316
0.025353625416755676
0.025351127609610558
0.02535098046064377
0.02534877508878708
0.0253484807908535
0.025347452610731125
0.02534613013267517
0.024934785440564156
0.024848580360412598
0.024847080931067467
0.02484363317489624
0.024842433631420135
0.02484063431620598
0.024839283898472786
0.024837033823132515
0.02483418397605419
0.024833884090185165
0.02482878416776657
0.024827133864164352
0.02482578344643116
0.024824881926178932
0.024823982268571854
0.024823380634188652
0.02482127957046032
0.024820979684591293
0.024820080026984215
0.024819178506731987
0.024818578734993935
0.024817978963255882
0.024817077443003654
0.02481677755713463
0.02481662668287754
0.0248158760368824
0.02481122314929962
0.02480972185730934
0.024808369576931
0.024807319045066833
0.02480686828494072
0.02480611763894558
0.024805817753076553
0.02480536699295044
0.024805065244436264
0.024804765358567238
### epochs: 103900
