0.1478663980960846
0.014186965301632881
0.013418298214673996
0.011898881755769253
0.011311446316540241
0.010335326194763184
0.01023936364799738
0.01013918686658144
0.010003064759075642
0.009944423101842403
0.00993205327540636
0.00991891697049141
0.009847677312791348
0.009788867086172104
0.009746914729475975
0.009732763282954693
0.009726254269480705
0.009692490100860596
0.00967402383685112
0.009661308489739895
0.009659379720687866
0.009658223018050194
0.009627703577280045
0.009567540138959885
0.009560919366776943
0.00955780129879713
0.00954844243824482
0.009542979300022125
0.009539464488625526
0.009533995762467384
0.00953360553830862
0.009533214382827282
0.009531651623547077
0.00952969677746296
0.009525787085294724
0.009522266685962677
0.009520310908555984
0.009514831006526947
0.009514438919723034
0.009492487646639347
0.00945158489048481
0.0094480374827981
0.009446459822356701
0.009439753368496895
0.009427906945347786
0.009427116252481937
0.00941644050180912
0.00937719363719225
0.009356910362839699
0.009350936859846115
0.00934097170829773
0.009339774958789349
0.00933379027992487
0.009209636598825455
0.009209232404828072
0.009208827279508114
0.00920761376619339
0.009207209572196007
0.009206804446876049
0.009200328961014748
0.009193847887217999
0.009191821329295635
0.009191416203975677
### epochs: 103900
