0.14725591242313385
0.03374653682112694
0.033218156546354294
0.03301195055246353
0.03300958126783371
0.03300755098462105
0.0330059714615345
0.03272736817598343
0.032724861055612564
0.03272395208477974
0.032723382115364075
0.032722245901823044
0.03257105126976967
0.032563500106334686
0.032562240958213806
0.032561782747507095
0.03256155550479889
0.03256144002079964
0.03256029635667801
0.03255903720855713
0.03239857405424118
0.032392363995313644
0.03239201754331589
0.032391905784606934
0.03239179030060768
0.032390523701906204
0.032390180975198746
### epochs: 103900
