0.147871196269989
0.010036525316536427
0.009218127466738224
0.008614826016128063
0.00843743421137333
0.007352646440267563
0.006937095895409584
0.006752596236765385
0.006442606914788485
0.006385105662047863
0.0061600166372954845
0.006135778967291117
0.005872711073607206
0.005743145477026701
0.005409794859588146
0.005359289702028036
0.005303389858454466
0.005279453005641699
0.005155935417860746
0.00503308791667223
0.004948743153363466
0.004932154435664415
0.004661903250962496
0.004628220107406378
0.004589421674609184
0.004543738439679146
0.004455984570086002
0.004422417376190424
0.0043373629450798035
0.004335644654929638
0.004330486059188843
0.00430633220821619
0.004292468540370464
0.004245345015078783
0.004220703616738319
0.004215404391288757
0.004203014075756073
0.004195029381662607
0.004174554720520973
0.004171876702457666
0.00415666913613677
0.004152185283601284
0.004140505567193031
0.004109801258891821
0.004089810885488987
0.004079779144376516
0.004063309635967016
0.00405229302123189
0.0040347883477807045
0.004024619702249765
0.0039883567951619625
0.00398555351421237
0.003984618932008743
0.003983683884143829
0.003982748370617628
### epochs: 105000
